tree
version=v4
num_class=1
num_tree_per_iteration=1
label_index=0
max_feature_idx=5
objective=lambdarank
feature_names=ret_1 ret_5 ret_10 vol_10 vol_20 ma_gap
feature_infos=[-0.35013743309590317:0.52290083351866889] [-0.64189182839742775:1.1923076993614967] [-0.82152862521929659:1.2335422049458029] [0:0.24920920098827379] [0:0.22394789317383704] [-0.76959237337701736:0.95360892160540733]
tree_sizes=3618 3565 3562 3556 3572 3552 3554 3576 3571 3561

Tree=0
num_leaves=31
num_cat=0
split_feature=0 2 5 3 3 0 0 4 4 4 4 4 4 4 0 5 5 5 0 4 0 3 5 3 3 0 3 2 5 0
split_gain=6.34578 3.41744 2.2819 1.78911 1.09681 1.24237 1.00013 0.9481 1.41947 1.10453 0.859866 0.829005 2.31041 1.11538 0.828909 0.971671 0.812621 0.781948 0.706772 0.698309 0.625223 0.619643 0.600696 0.589835 0.572426 0.576943 0.573926 0.488909 1.97228 0.841318
threshold=0.018857197809230123 -0.06893095242400292 0.06412123159025275 0.0043204843555523413 0.014855056489247715 -0.022855132063832159 -0.021527031223646572 0.024096724471576195 0.026183553961505474 0.0079120745081580034 0.0084456492370728695 0.023720629864491468 0.024726033734588451 0.020408098000278336 0.0049397276321316861 -0.056039188574703462 0.03322304526410836 0.17629340191740553 0.085554212733060422 0.02300393300015291 0.0092903276017327636 0.0087508743798513644 0.039130123725902861 0.024031448051413631 0.019147352592912292 -0.040918390858741653 0.016443088926793459 -0.020700302148464574 -0.026174586829926069 0.032165603652438153
decision_type=2 2 2 2 2 2 2 2 2 2 2 2 2 2 2 2 2 2 2 2 2 2 2 2 2 2 2 2 2 2
left_child=1 4 3 16 14 24 -7 9 23 -4 -2 13 -13 -5 15 -1 -3 18 27 -8 -10 -11 -18 -9 26 -26 -6 29 -29 -12
right_child=10 2 7 11 5 6 19 8 20 21 17 12 -14 -15 -16 -17 22 -19 -20 -21 -22 -23 -24 -25 25 -27 -28 28 -30 -31
leaf_value=0.0069752297534619442 -0.021561141203604282 -0.010467901498981132 0.021999523790189979 0.0007112380090265975 0.010611189366775095 -0.015546613079168116 -0.00056218901870780163 0.00026321029279235102 -0.00089770199585702596 0.0045880230252193952 -0.0037692280855382422 -0.0098025430401992367 0.00018038199390124193 0.0038007345640287886 -0.0055291088606839204 0.02077870368435316 0.019544227752794931 -0.01580548029110387 0.0054794284846154361 0.0051702945918781634 -0.0099899114907019554 -0.0076574429942103854 -0.0084102316191861769 0.017036847661431719 0.0055462653319467078 0.012939215849550543 -0.0052738152734790383 0.015398440827464511 -0.0039234814733983036 -0.011752769566059617
leaf_weight=33.986122294329107 5.3044578483095384 46.76324614637997 1.4763903591083352 3810.1132821380743 6.6060981749324155 6.2485138010233632 109.03562092769425 8.4357837417628634 82.270464418630581 9.7755172105971706 93.307802796538454 65.911367458698805 394.98632827750407 314.60523426800501 5.6667028892552471 22.147320044867229 2.6198568584513842 12.347249177750198 17.857479016587604 100.95576158142649 22.737376212608069 155.37428427499253 1.7944730555173007 12.12013930256944 62.889058387372643 51.522652160434518 14.760385499801485 11.628438236075452 502.26548513083253 51.845125901221763
leaf_count=5379 630 6702 106 564301 960 963 17101 1453 14022 1322 13877 10277 61730 49143 925 3044 297 2284 2835 16055 3886 24061 336 1789 9744 7811 2097 1575 77114 8024
internal_value=0.000130096 0.000715056 0.000347688 0.000618369 0.00506805 0.00394617 0.00156549 -0.00392278 -0.000622939 -0.00637255 -0.00435878 0.000723809 -0.00128343 0.000948611 0.0111343 0.0129489 -0.00850113 -0.00416439 -0.00390611 0.00221655 -0.00301636 -0.00688639 0.00910136 0.0107869 0.00765987 0.00904061 0.000125383 -0.00417623 -0.00342826 -0.00674174
internal_weight=6037.36 5342.8 4928.98 4636.79 413.818 352.018 216.24 292.19 125.564 166.626 694.556 4585.62 460.898 4124.72 61.8001 56.1334 51.1776 689.252 676.904 209.991 105.008 165.15 4.41433 20.5559 135.778 114.412 21.3665 659.047 513.894 145.153
internal_count=909843 803504 739425 692786 64079 54731 34119 46639 21150 25489 106339 685451 72007 613444 9348 8423 7335 105709 103425 33156 17908 25383 633 3242 20612 17555 3057 100590 78689 21901
is_linear=0
shrinkage=0.05


Tree=1
num_leaves=31
num_cat=0
split_feature=5 0 0 4 4 5 1 3 3 4 3 1 0 4 0 0 4 0 4 4 3 1 1 4 1 3 5 5 3 3
split_gain=13.9536 5.34524 5.33364 5.99476 3.9495 3.94637 4.28441 3.49829 3.44146 3.32869 3.28076 3.7952 2.52122 7.36221 2.48066 2.40452 2.36695 7.72603 2.30696 3.52284 2.29573 3.18672 2.24767 2.1706 2.14781 2.30521 3.30965 2.17421 1.80614 2.79112
threshold=-0.074170224142185701 -1.0000000180025095e-35 -0.019345197004801914 0.036736907787785177 0.011900329870399136 0.11025630308869551 0.058629987536206414 0.04447330787064286 0.032886535956248443 0.038901908873608539 0.030770188161034853 0.091349423119893594 -0.079555933405931964 0.026446436366569289 -0.029028539465816846 -0.015173105383937511 0.055722299304964189 0.015788873622920589 0.048044584974918182 0.036736907787785177 0.071695354738503483 -0.066083495531148881 -0.13274655070876992 0.045616287836173421 -0.068872057760011582 0.013959597319906409 -0.051286416645457404 -0.044915623257951724 0.032333671186853395 0.038594277847480873
decision_type=2 2 2 2 2 2 2 2 2 2 2 2 2 2 2 2 2 2 2 2 2 2 2 2 2 2 2 2 2 2
left_child=2 4 12 7 24 6 8 15 -6 -5 -7 -12 13 -1 -8 -4 23 -18 19 -15 28 -22 -3 -11 -2 26 -26 -27 -14 -30
right_child=1 22 3 9 5 10 14 -9 -10 16 11 -13 20 18 -16 -17 17 -19 -20 -21 21 -23 -24 -25 25 27 -28 -29 29 -31
leaf_value=-0.02300519781087073 0.022024863145003102 0.026801287256644775 -0.0073743834119829547 -0.020312293379365937 0.0014489626487706731 -0.02319941273594775 -0.0082118512156724773 0.02213819402668326 -0.0042695345415538644 -0.0047212649835088258 0.019290317935072632 -0.014168242978477808 0.0067324173556178356 0.010002407851011539 0.010289967159489308 0.0042048295832356258 -0.027262125582255062 0.0075759677447933445 0.018426702028797422 -0.012045323921501132 0.0065957115830602396 -0.023582190037984223 -0.0019137486885027707 0.011161311127725566 -0.01120036997408444 0.030244979870175204 -0.0018805032200695506 0.0024614697842763188 0.018467827426433429 0.0075423978380361875
leaf_weight=24.796809936757199 7.1021868269890538 4.8324219421483567 48.844424563925713 34.505311500281096 3286.890435174806 28.051032756920904 18.629588080337271 23.011039856588468 284.04679819976445 48.649281719233841 12.72887977352366 17.962246996117756 472.0982570797205 45.719941032235511 180.4577849454945 386.26463106018491 31.245594693813473 29.21061220834963 26.847021448193118 27.235645196982659 22.554926778073423 11.688410158734767 5129.1633217155468 35.49555582087487 103.84068725001998 7.7232825444079927 969.08320015377831 27.042307792580687 100.36184262507595 148.2143218726851
leaf_count=257 141 142 1969 759 240484 1221 1356 419 14792 1512 1271 1762 9980 666 11462 13587 911 1500 1145 671 578 320 473503 1222 1839 212 117935 3519 1845 2802
internal_value=-7.34597e-05 -0.000746638 0.00439437 0.000906266 0.000426819 0.00118942 0.00139243 0.00393667 0.000991955 -0.0068028 -0.0114562 3.96073e-05 0.00691377 0.00031794 0.00849421 0.00287718 -0.00334598 -0.0107258 0.00645089 0.00166981 0.0079987 -0.00443793 -0.00187629 0.0020822 -0.00218979 -0.00238446 -0.00280167 0.00994319 0.00860028 0.0120657
internal_weight=11594.3 10077.6 1516.74 637.226 4943.56 3828.77 3770.02 458.12 3570.94 179.106 58.7422 30.6911 879.517 124.599 199.087 435.109 144.601 60.4562 99.8026 72.9556 754.918 34.2433 5134 84.1448 1114.79 1107.69 1072.92 34.7656 720.674 248.576
internal_count=909782 869639 40143 21879 395994 272348 268094 15975 255276 5904 4254 3033 18264 2739 12818 15556 5145 2411 2482 1337 15525 898 473645 2734 123646 123505 119774 3731 14627 4647
is_linear=0
shrinkage=0.05


Tree=2
num_leaves=31
num_cat=0
split_feature=2 0 3 5 0 4 3 4 2 5 3 2 4 4 2 4 4 2 0 4 2 4 3 4 3 3 4 2 3 4
split_gain=37.1264 14.9837 9.72873 6.26096 3.71723 3.25264 3.35993 3.17528 4.25165 2.729 2.72277 5.50414 5.24761 4.06535 3.48467 3.95348 3.12619 2.68279 2.4395 2.68088 5.89812 2.83358 2.3835 2.27732 2.26196 2.22578 2.16734 2.16393 2.0068 1.88839
threshold=-0.049270906219310233 -0.00043811452195652295 0.021941447976256457 -0.096030623738819917 0.018857197809230123 0.025400388807905634 0.062640511514806194 0.021862585243676725 0.042670705711603148 -0.054354469883505556 0.029419390034994473 -0.13868071059186191 0.070070060489130462 0.029397533477160863 -0.22273797017054911 0.061397857773036336 0.070070060489130462 0.24412622695805511 -0.048120261608612706 0.030264291459784223 -0.11306793263617136 0.027020486784481761 0.012784856693778709 0.028293941050630097 0.032886535956248443 0.026875425892300148 0.019174760592232203 -0.12005141160586978 0.014546304134638279 0.027952075423406917
decision_type=2 2 2 2 2 2 2 2 2 2 2 2 2 2 2 2 2 2 2 2 2 2 2 2 2 2 2 2 2 2
left_child=3 2 22 10 18 7 17 8 -4 24 13 14 -13 23 16 -16 -12 -7 26 21 -21 -20 -2 -1 28 -9 -5 -25 -3 -30
right_child=1 9 5 4 -6 6 -8 25 -10 -11 11 12 -14 -15 15 -17 -18 -19 19 20 -22 -23 -24 27 -26 -27 -28 -29 29 -31
leaf_value=0.0048912664788254619 -0.0030933449551694414 -0.011107488866109058 0.0066092081884975553 -0.016849387073101876 -0.0080304397438570006 -0.00086335261944585828 0.012418587013142982 0.012699503205623129 -0.0052972308195726745 -0.0044730477156096444 0.0082376172674143208 0.016560353988069688 -0.018935023800446638 -0.0098741567949099177 0.0047592792705488931 -0.017537795962582186 0.026590798756202291 0.015203413637841915 0.0036603290144547416 0.017419076092842972 0.0032158279721036277 -0.0030232227744914396 -0.00027637178486629763 0.040198969701433614 -0.0023110561602065535 0.0050420103146360268 -0.0002437487255585816 -0.0025849693466063078 0.00085181472527144696 0.031463430383092815
leaf_weight=208.80179652210791 1305.2223504134454 4.2477832423755926 201.95511699328199 21.513615433126688 72.107922425842844 557.10409757983871 56.851350312470458 197.25004726625048 116.74100428214297 3480.1563903846545 90.780353079200722 249.83929254696704 9.2560560398269427 45.86077599611599 323.49127748073079 19.226437031058595 30.788447103579529 25.248149109887891 1642.0809347947361 107.53054086002521 223.38513749663252 174.01348368020263 1765.5364256551256 7.0218581387307495 35.588102044654079 189.46737513330299 119.95212338969577 4.0540008507668954 7.3458481524139669 14.867062223609535
leaf_count=6266 154345 293 9780 763 9881 29587 2357 6761 4079 450256 2481 3765 254 966 5520 632 1044 524 71869 1853 6576 4706 124569 140 807 5412 3234 78 773 469
internal_value=-6.64272e-06 -0.00186549 7.80928e-05 0.00440772 0.0030041 0.00362178 0.00103308 0.00595796 0.00224195 -0.00428685 0.00774471 0.00933358 0.015157 0.00338212 0.00603277 0.00341392 0.0132409 -0.00011712 0.0033585 0.00377777 0.00790807 0.00301731 -0.00147496 0.00621112 0.00597031 0.00899305 -0.00296876 0.026539 0.016488 0.0222467
internal_weight=11307.3 7957.58 4415.38 3349.7 2360.58 1344.62 639.204 705.414 318.696 3542.21 989.12 723.382 259.095 265.738 464.287 342.718 121.569 582.352 2288.48 2147.01 330.916 1816.09 3070.76 219.878 62.0488 386.717 141.466 11.0759 26.4607 22.2129
internal_count=910040 790012 337414 120028 98882 58500 32468 26032 13859 452598 21146 13696 4019 7450 9677 6152 3525 30111 89001 85004 8429 76575 278914 6484 2342 12173 3997 218 1535 1242
is_linear=0
shrinkage=0.05


Tree=3
num_leaves=31
num_cat=0
split_feature=5 0 3 5 3 1 3 3 0 2 0 1 1 1 2 1 0 3 0 0 0 2 0 0 1 3 3 5 3 3
split_gain=38.4024 15.4553 12.7211 7.71091 3.65287 3.08861 3.06174 6.47544 2.46253 2.45765 2.57757 2.24941 2.22328 2.22243 2.09329 2.40865 2.04342 2.245 2.06479 2.41808 1.95562 3.91127 2.26041 1.92601 1.80421 1.78951 1.78238 1.75101 1.75047 1.68846
threshold=-0.036781353293130252 -0.00043811452195652295 0.022112583221910637 -0.074170224142185701 0.031778234883612144 -0.16664463114017461 0.071695354738503483 0.052229550115286329 0.02160726142358849 -0.086184747341159648 -0.020941991222214681 -0.040565231649228588 0.019242634423761732 -0.068872057760011582 -0.0061477611813944835 0.12610446744924578 0.0060467541166465697 0.071695354738503483 -0.0067605908971737341 -0.034462739526294132 0.035329847720512626 -0.019479212909773943 0.014935778503305965 0.013912844087168088 -0.030494866955328378 0.014700486915327606 0.062640511514806194 -0.044915623257951724 0.029419390034994473 0.026875425892300148
decision_type=2 2 2 2 2 2 2 2 2 2 2 2 2 2 2 2 2 2 2 2 2 2 2 2 2 2 2 2 2 2
left_child=3 2 25 5 20 16 7 8 -7 10 13 -6 -9 -4 23 -16 18 -18 19 -1 22 -22 27 -8 -13 -2 -26 -5 -12 -11
right_child=1 -3 9 4 11 6 14 12 -10 29 28 24 -14 -15 15 -17 17 -19 -20 -21 21 -23 -24 -25 26 -27 -28 -29 -30 -31
leaf_value=0.016957750907490944 -0.0034535043385452917 -0.004781038426152978 -0.027799759273163027 0.0018014255579087231 0.0021733178655458387 0.0057884853812759565 -0.01694748067178763 0.022854953186859123 -0.0050885646711715518 0.0050405896219810073 0.00094899669966553603 -0.027558238422313266 0.0018497815538008973 0.017759889119797648 0.033656116980351335 -0.021152047895066129 -0.018659169114283839 0.010722423857791888 0.034854284441082531 0.0016507306738489853 -0.0067839747425137214 0.046255322689548191 -0.0059001799156632069 0.0019590467273259914 -0.0040197763834779153 -0.0007527821120039324 -0.022695714187658044 0.0055606860688279707 -0.039204775350242221 0.0017655678648011361
leaf_weight=98.171025203540921 1472.2652644969057 3097.0000141758937 1.7670295659918336 1113.0297441312578 69.542319912696257 1487.4808560020174 28.754204380617011 72.300390335032716 52.450157457613386 879.95373266143724 3.7009408606681955 10.189511918113565 15.616649589035658 7.5820548988413083 4.5240077984053633 1.3136905743740497 8.6523679452948272 14.692604511743411 10.846158382249994 35.375267179915681 5.7664043270051479 5.3290196105372143 75.619979982846417 23.300368684984278 88.207126478548162 1052.7147940727882 13.242664850549771 429.12093170313165 7.3056165529415011 716.47475872817449
leaf_count=2011 189417 453998 35 46540 4180 29620 1142 1882 2442 22714 98 579 278 200 165 54 261 414 204 567 836 51 6044 974 4300 84963 605 24043 203 30743
internal_value=4.87652e-07 -0.0021105 -0.000112272 0.00417048 0.00184616 0.00643589 0.00577892 0.00618185 0.00541189 0.00334827 -0.0131493 -0.00485307 0.019248 0.00576731 -0.005379 0.0190721 0.0128925 -0.000780398 0.0150835 0.0129872 0.00259636 0.0218641 0.00243738 -0.00872529 -0.00919116 -0.00232901 -0.00684927 0.00285333 -0.0276333 0.00357481
internal_weight=10902.3 7238.76 4141.76 3663.53 1810.05 1853.48 1685.74 1627.85 1539.93 1616.78 20.3556 181.182 87.917 9.34908 57.8923 5.8377 167.737 23.345 144.392 133.546 1628.87 11.0954 1617.77 52.0546 111.639 2524.98 101.45 1542.15 11.0066 1596.43
internal_count=909563 782371 328373 127192 87178 40014 36557 34222 32062 53993 536 9664 2160 235 2335 219 3457 675 2782 2578 77514 887 76627 2116 5484 274380 4905 70583 301 53457
is_linear=0
shrinkage=0.05


Tree=4
num_leaves=31
num_cat=0
split_feature=5 0 3 4 0 3 0 4 3 4 1 1 4 4 3 1 0 0 1 0 4 1 4 3 4 4 0 0 0 5
split_gain=29.1507 15.1552 14.3851 7.55998 5.14666 4.53251 3.95876 3.62072 4.31274 3.21415 2.92546 2.73923 4.26183 2.40546 2.61931 2.08453 1.95602 1.89023 2.35102 1.93057 1.8736 2.02502 1.86949 1.8388 1.79446 1.76213 1.72136 5.62859 1.95465 1.67387
threshold=-0.035895841546303368 -0.00043811452195652295 0.022112583221910637 0.043458741340112329 -0.034462739526294132 0.046516285900789808 -0.017534821350632331 0.0099964618497060276 0.017005323424248073 0.025400388807905634 0.031444301630288558 0.0095606758233770534 0.051443833420669709 0.02516903498807074 0.062640511514806194 -0.095879160972431363 -0.038500207067041763 -0.024354818924504581 -0.050370925568591955 -0.013863030101582128 0.070070060489130462 -0.026475219295302884 0.016809761191835328 0.087763864090389179 0.055722299304964189 0.02335453902568092 0.003254056255930005 0.00090781409918372369 0.0057717240825785341 -0.059744555981904417
decision_type=2 2 2 2 2 2 2 2 2 2 2 2 2 2 2 2 2 2 2 2 2 2 2 2 2 2 2 2 2 2
left_child=3 2 -2 5 20 6 9 29 -9 15 17 26 -13 16 -15 -1 25 18 -7 -19 23 -22 -18 -5 -14 -4 27 -6 -28 -8
right_child=1 -3 13 4 11 10 7 8 -10 -11 -12 12 24 14 -16 -17 22 19 -20 -21 21 -23 -24 -25 -26 -27 28 -29 -30 -31
leaf_value=-0.0032310777154782875 -0.0027612841488544246 -0.0047924630471598284 -0.0066171533795849813 0.013275692874291829 0.0015955283320863126 -0.0088547736818414945 0.020210039064292317 0.0048867860626958925 6.0090728419774113e-05 0.007920501529668068 0.020246923537644967 0.03074884839921585 -0.016352040332737242 -0.00022631963361281534 0.0091284189489227313 0.0040443933714077738 -0.012953867469803315 0.013263001343536772 -0.034496122807277145 -0.0063925420747777337 0.026117501887835411 -0.0069321205425415706 0.0055656054460017082 -0.015053230694222692 0.0092683588546905987 0.011498601485053604 0.025948883734139484 -0.037371193907414994 0.0045459078987304165 -0.011446167097453238
leaf_weight=113.40241656184662 2102.2652491494664 2780.2312493047793 61.933138379012235 131.92386083875317 109.00253045000136 39.793383520445786 2.6608502743765703 766.63476187927881 1163.2506400920684 573.40533054381376 8.0597922910237667 22.114574758918025 7.3857040256261852 586.54274517291924 83.755119384266436 684.40669790381799 11.979730844032018 13.066991439787669 10.509468922624363 72.897108436969575 51.369295056327246 4.2645350777311242 1027.1101963749388 4.3816848202841348 23.386546944035217 15.069498498691244 10.19644482352305 8.115833174553698 98.518451121693943 64.706636052113026
leaf_count=2921 272349 452178 1188 2411 2072 829 182 28058 47058 11149 267 422 187 29204 1893 25338 285 194 155 1350 788 295 20641 127 1160 470 143 115 2634 3012
internal_value=4.63621e-05 -0.00197498 4.08377e-05 0.00342968 0.00936853 0.00262908 0.00300183 0.00157901 0.00198054 0.00506893 -0.00599254 0.00497225 0.0150002 0.00333784 0.000966253 0.00300475 0.00475788 -0.00781494 -0.0153261 -0.00317117 0.0156354 0.0234315 0.00532762 0.0121605 0.00249651 -0.00287054 0.0025128 -0.00168684 0.0069858 -0.00964918
internal_weight=10652.3 6668.89 3888.66 3983.45 470.659 3512.79 3368.47 1997.25 1929.89 1371.21 144.327 278.72 52.8868 1786.39 670.298 797.809 1116.09 136.267 50.3029 85.9641 191.939 55.6338 1039.09 136.306 30.7723 77.0026 225.833 117.118 108.715 67.3675
internal_count=909075 778208 326030 130867 10354 120513 117718 78310 75116 39408 2795 6733 1769 53681 31097 28259 22584 2528 984 1544 3621 1083 20926 2538 1347 1658 4964 2187 2777 3194
is_linear=0
shrinkage=0.05


Tree=5
num_leaves=31
num_cat=0
split_feature=2 3 1 5 4 5 1 5 4 2 1 1 4 4 4 1 4 2 2 1 5 1 2 1 2 4 3 3 5 1
split_gain=26.7903 16.3264 6.55917 5.14358 6.76834 4.34407 3.04574 2.91581 2.99674 3.55952 2.87789 2.45029 4.08345 2.22593 2.12581 2.61962 2.08343 2.07754 2.28477 2.02935 2.46054 1.8884 1.98014 1.82839 1.66284 1.63046 2.05823 1.6802 1.61021 1.5117
threshold=-0.06695387732085771 0.022112583221910637 -0.16664463114017461 -0.085232296818880546 0.02516903498807074 -0.036781353293130252 -0.05898652209515564 -0.041559343033500722 0.048044584974918182 -0.080353233734828097 -0.039590939073266489 0.022936901008188352 0.043458741340112329 0.012872658917254408 0.012932186490190916 -0.008039124374510041 0.010804956238023409 -0.02662636590593764 -0.047013364397531281 0.10439642585332189 0.11025630308869551 0.050704100488191524 0.005314501087307578 -0.036716155890799344 -0.06893095242400292 0.020408098000278336 0.022640840835342766 0.034154594977205292 0.06412123159025275 0.042145082613966885
decision_type=2 2 2 2 2 2 2 2 2 2 2 2 2 2 2 2 2 2 2 2 2 2 2 2 2 2 2 2 2 2
left_child=2 5 -1 6 25 14 17 8 11 23 -8 16 -13 -9 15 -2 -4 18 -3 20 -6 22 -16 -10 -11 26 -5 -27 -7 -12
right_child=1 3 7 4 19 28 10 13 9 24 29 12 -14 -15 21 -17 -18 -19 -20 -21 -22 -23 -24 -25 -26 27 -28 -29 -30 -31
leaf_value=0.012565128865388769 -0.0053011007190683409 0.021034080016188342 0.014267366784947331 0.0074193623369712153 -0.0023160111445159953 -0.003639525163234444 -0.023547652730036034 0.02640517237141406 0.0026139420349055613 -0.037191108011508579 0.017123664967375617 0.004539372495306399 0.0311217808974051 0.007521408397084952 0.0020545216916252064 0.013502469919848176 0.0029778208073480816 0.036329092517243984 -0.012004488361154954 -0.0078184201720178006 0.0044303273191713607 0.031927513732369191 -0.012605232974795667 -0.0083494586985567235 0.0066669952000216401 0.0044833691351009401 -0.00099755962152568343 -0.018487199798709171 -0.0081926502222473708 -0.0092655831426967598
leaf_weight=213.97631352202734 226.43524449248798 16.102444012823984 39.819164744811133 89.528642794059124 718.98378642013995 3886.5938575600157 6.0746991632040617 15.542775004869325 104.60987629636656 8.4940881591755879 18.704589724657129 48.447204734780826 19.133043470792472 190.05911378981546 560.64481812098529 18.252837420906872 2162.026180048997 16.928588983253576 5.8486833286005995 124.92327340826159 164.41085965605453 3.1365574644878498 22.039434792241082 57.186291524791159 2.0365347699262193 1135.1485431911424 350.1626285695238 6.0888353197369716 203.98681760788895 5.9131508935242882
leaf_count=3351 10121 343 1009 4503 64172 612258 151 239 2178 212 358 1542 137 8072 26796 683 58315 309 129 13117 5837 36 555 1604 50 42509 17304 268 33577 153
internal_value=5.99643e-05 -0.00149618 0.00418048 0.00165997 0.00129343 -0.0032014 0.0148841 0.0034938 0.00300708 -0.00332064 0.00278591 0.00349007 0.0127435 0.00918958 9.54295e-05 -0.00380033 0.00319475 0.0238311 0.0119639 -0.00190523 -0.00105326 0.00173002 0.00145881 -0.00131567 -0.028999 0.00333338 0.000742104 0.00432869 -0.00387047 0.0105651
internal_weight=10441.2 7579.91 2861.33 2658.82 2589.25 4921.09 69.5722 2647.35 2441.75 172.327 30.6924 2269.43 67.5802 205.602 830.509 244.688 2201.85 38.8797 21.9511 1008.32 883.395 585.821 582.684 161.796 10.5306 1580.93 439.691 1141.24 4090.58 24.6177
internal_count=909888 833179 76709 149153 147710 684026 1443 73358 65047 4044 662 61003 1679 8311 38191 10804 59324 781 472 83126 70009 27387 27351 3782 262 64584 21807 42777 645835 511
is_linear=0
shrinkage=0.05


Tree=6
num_leaves=31
num_cat=0
split_feature=5 0 3 3 0 1 2 2 2 3 0 2 2 5 2 1 0 3 2 1 3 2 2 0 3 0 5 5 5 3
split_gain=23.8649 11.9468 11.4852 4.44037 6.30777 4.50775 3.92628 3.47311 3.08905 3.00887 2.67167 3.77803 5.2121 2.69251 5.00245 3.83334 3.3966 3.0768 5.5774 2.67819 3.20831 2.384 2.34863 1.97639 2.89419 1.93679 1.8677 1.72141 1.71951 1.61405
threshold=-0.036781353293130252 -0.00043811452195652295 0.022112583221910637 0.062640511514806194 -0.040918390858741653 -0.017084553939217925 -0.17587777029241322 -0.00328184690405342 -0.10730444449094971 0.022640840835342766 -0.079555933405931964 -0.11306793263617136 -0.10730444449094971 -0.074170224142185701 -0.06018477440209296 0.042145082613966885 0.022692308116144203 0.014700486915327606 -0.058596933546413925 -0.16664463114017461 0.046516285900789808 -0.019479212909773943 -0.029468125304852596 0.029744198616733279 0.087763864090389179 -0.038500207067041763 -0.074170224142185701 -0.19001246834763266 -0.090409756826053442 0.0086181100157201596
decision_type=2 2 2 2 2 2 2 2 2 2 2 2 2 2 2 2 2 2 2 2 2 2 2 2 2 2 2 2 2 2
left_child=3 2 -2 10 5 6 -5 23 -4 25 11 19 -13 14 16 -16 -12 18 -15 20 -1 -19 -11 24 -6 -10 -8 -9 -14 -3
right_child=1 29 8 4 7 -7 26 27 9 22 13 12 28 17 15 -17 -18 21 -20 -21 -22 -23 -24 -25 -26 -27 -28 -29 -30 -31
leaf_value=0.018449822103471257 -0.0029970764418598252 -0.0020478851933101207 0.028906936589305883 0.014308211757661456 0.0083724122472736608 -0.025962571568731569 0.041547701063100219 -0.013631061825662412 -0.015447156025620174 0.0066380138910918304 0.0038504706355522722 0.041530809132320143 0.0087404525961154635 0.0068214911370779998 0.016807586389641454 -0.022829022013616796 -0.0104606337525299 -0.00078847022610430649 -0.0020403447063351257 -0.018433833265198585 -0.014845584758681274 0.0071849973460187096 0.00097921947264243163 -0.010046849645823436 -0.014919242509241579 0.0093518002231268074 -0.0019733985644998144 0.031205895770542058 -0.011079482941986411 -0.0052356218508334065
leaf_weight=12.117009926587345 1858.282264207257 490.81922294932883 9.1092703789472562 70.159501204267144 63.900657017948106 3.7096501365303984 23.165384860127237 1.3792449829634268 6.4676924336235961 209.34538705425803 1470.7526399043854 6.5689679717179379 19.558018820360303 530.76042688637972 100.877346416004 4.7871590978465965 40.784794681589119 1119.0268036992056 265.15843802760355 48.390939375851303 12.857165635447016 100.30118815950118 1393.4413116073119 36.431478230515495 14.800190629553979 183.45869889913592 2.5371940375771365 11.259909273474475 20.263396902009845 2160.1296142116189
leaf_count=146 274802 82708 184 1205 1240 305 349 22 210 7401 28913 66 222 11290 2031 68 2533 56407 13688 732 346 4324 43287 1552 638 3203 105 396 569 370637
internal_value=-0.000180791 -0.0020926 -0.000240666 0.00285062 0.00960812 0.0189112 0.0211429 0.00217853 0.00260229 0.00243656 0.00243628 -0.00485702 0.00615073 0.00267927 0.004198 0.0146211 0.00345101 0.00145756 0.00387148 -0.011796 0.00147893 -0.000121886 0.00172569 -0.000725794 0.00373108 0.00835514 0.0374193 0.0251193 -0.00139259 -0.00464741
internal_weight=10290.6 6311.05 3660.1 3979.55 227.343 99.5717 95.8621 127.771 1801.82 1792.71 3752.2 119.755 46.3904 3632.45 1617.2 105.665 1511.54 2015.25 795.919 73.3651 24.9742 1219.33 1602.79 115.132 78.7008 189.926 25.7026 12.6392 39.8214 2650.95
internal_count=909579 782432 329087 127147 5812 1964 1659 3848 54285 54101 121335 2081 857 119254 33545 2099 31446 85709 24978 1224 492 60731 50688 3430 1878 3413 454 418 791 453345
is_linear=0
shrinkage=0.05


Tree=7
num_leaves=31
num_cat=0
split_feature=5 0 4 2 0 2 5 4 3 2 2 5 3 5 4 2 3 0 2 0 4 4 0 2 4 5 4 4 0 4
split_gain=27.7894 15.6974 5.71056 6.42876 3.75183 4.36956 2.77922 2.76384 2.88135 2.59771 2.42444 2.89373 2.61284 2.35625 2.04954 1.91541 3.17375 3.22178 5.22084 2.03138 3.43988 2.37603 1.92938 1.89509 4.9531 2.35805 1.82472 1.78061 2.39523 1.71582
threshold=-0.074170224142185701 -0.00069692047689451353 0.017216211925462032 -0.058596933546413925 -0.018866011103008781 -0.053018104955076743 -0.035895841546303368 0.02516903498807074 0.04447330787064286 -0.11306793263617136 -0.077816106813522842 -0.043753894418126264 0.0082702382907776251 0.17629340191740553 0.012081931182672192 -0.12829200303716301 0.035689766344951877 -0.031438160103858075 -0.089672805853543688 -0.062167561783872387 0.026446436366569289 0.0323206752602316 -0.048120261608612706 0.032994813886391257 0.024301596694391702 0.052620259029993684 0.040183958152077211 0.0090574644140672764 0.00030978283653948507 0.055722299304964189
decision_type=2 2 2 2 2 2 2 2 2 2 2 2 2 2 2 2 2 2 2 2 2 2 2 2 2 2 2 2 2 2
left_child=4 2 3 10 15 9 14 23 -9 29 11 -2 -12 -10 27 -1 19 22 -19 20 -17 -21 -18 25 -25 -4 -8 28 -3 -6
right_child=1 6 7 -5 5 -7 26 8 13 -11 12 -13 -14 -15 -16 16 17 18 -20 21 -22 -23 -24 24 -26 -27 -28 -29 -30 -31
leaf_value=0.0048755675211257154 -0.0044521624915218778 -0.041395521727514352 0.0036879718904601943 -0.0032597134284216922 0.0046825298556836736 0.013265067134745321 -0.0045668747459131501 -0.0021185403979083763 0.0070296354972056571 -0.0021240086396001959 -0.0089080558947725007 0.014385713582422658 0.0063943665501429332 -0.0079359577463226152 -0.0022224213565150003 -0.016682282940422802 0.01326060977531026 0.015594081521561054 -0.018183793298879983 0.0093549093823588406 0.011476382644632271 -0.0022668099614055132 0.025705895095773246 -0.0015650287032988942 0.010352944071785145 0.028578604643245756 -0.012230833646413881 0.0084875945415265452 0.0066808613071625382 -0.0071110937891787395
leaf_weight=490.6214613802149 149.02408578456379 2.4960992801934472 1384.7529176220414 1543.4968442498357 433.77536046114983 86.802941541420296 2547.0814935069648 662.07481360447127 167.68093582458096 295.01505015342264 28.536585660884157 21.595034966012463 354.33921935834223 29.404157930519432 546.00368491304107 21.885137865319848 101.31294021580834 26.761578551842831 17.018064005300403 305.15341374475975 17.998719510389492 50.52260410413146 51.265179682755843 499.49349013401661 103.52835081750527 7.6298502762801936 78.943111444008537 75.826200372539461 5.035486256936565 31.435964553616941
leaf_count=8455 4019 60 65503 223961 10057 1194 445668 41977 7345 8576 646 206 9655 571 29187 510 1315 257 230 6545 197 532 545 22794 1843 313 13536 2314 328 1740
internal_value=-0.000126172 -0.00139582 0.000377427 -0.00160281 0.0052698 0.00276772 -0.00409156 0.00183223 -0.000537991 0.00153747 0.00301279 -0.00192883 0.00521348 0.00473955 -0.0011031 0.00721883 0.00913813 0.0143272 0.00224313 0.00650314 -0.00403367 0.00770064 0.0177206 0.0028523 0.000508539 0.00386516 -0.0048064 0.0061089 -0.0145952 0.00385856
internal_weight=10136.5 8206.94 4951.56 2096.99 1929.57 847.029 3255.39 2854.56 859.16 760.226 553.495 170.619 382.876 197.085 629.361 1082.54 591.918 196.358 43.7796 395.56 39.8839 355.676 152.578 1995.4 603.022 1392.38 2626.02 83.3578 7.53159 465.211
internal_count=910079 869926 378833 238487 40153 21567 491093 140346 49893 20373 14526 4225 10301 7916 31889 18586 10131 2347 487 7784 707 7077 1860 90453 24637 65816 459204 2702 388 11797
is_linear=0
shrinkage=0.05


Tree=8
num_leaves=31
num_cat=0
split_feature=5 0 3 2 2 0 1 5 3 2 5 2 5 5 1 1 3 1 2 1 0 3 1 0 1 1 2 3 2 2
split_gain=28.5857 14.8903 5.87867 8.70753 5.37565 4.16628 3.64233 5.19395 3.18228 3.41001 3.1497 3.06137 2.85902 2.8119 2.31452 2.87145 1.99362 3.24276 1.95816 1.86648 2.91696 1.86072 1.75503 2.67193 2.34067 2.14113 1.70702 1.5751 1.45342 1.44935
threshold=-0.074170224142185701 -0.00069692047689451353 0.022112583221910637 -0.06344918687300731 -0.058596933546413925 -0.020941991222214681 -0.023010119566772232 -0.059744555981904417 0.022640840835342766 0.24412622695805511 -0.036781353293130252 -0.17587777029241322 0.03526393309538612 0.17629340191740553 0.018517740575053069 0.044707113383117066 0.032886535956248443 0.048469474959919163 -0.083214733602362354 -0.047522058888103728 -0.0094339413046311531 0.062640511514806194 0.027125766297627866 -0.025999815539785861 0.057177801074085662 0.01359172215174276 -0.15346731668712518 0.0092141077728987667 -0.00328184690405342 0.013059261565209647
decision_type=2 2 2 2 2 2 2 2 2 2 2 2 2 2 2 2 2 2 2 2 2 2 2 2 2 2 2 2 2 2
left_child=4 2 3 6 5 22 7 -2 14 12 16 -7 -10 -11 28 -16 17 -3 -18 21 -21 -13 25 24 -24 26 -1 -12 -4 -19
right_child=1 10 8 -5 -6 11 -8 -9 9 13 27 19 -14 -15 15 -17 18 29 -20 20 -22 -23 23 -25 -26 -27 -28 -29 -30 -31
leaf_value=0.0034447806663321619 -0.0020404628221065992 -0.00018451543030269206 0.0063492896063378828 -0.002597881338785038 0.013123193635824107 0.0088181353307438155 -0.0032916870344802673 0.0091629983614108755 0.0026522171814826563 0.022037918615874553 -0.0024631637866733115 -0.0022373218604556941 -0.0016879333715133426 -0.0016813509994468953 -0.0071345127745189273 0.010241291665759785 0.00049673723091498291 0.0037545826289931911 -0.016450040825968078 0.01418930999322158 0.00078042336168227726 0.016435026720657279 -0.033630942297557628 0.022442363108399199 0.012906828749172317 0.030667125293922744 0.0080114126928767983 -0.0054372165792406935 0.015856324534026047 0.042596887955055833
leaf_weight=298.4516980437329 143.80234275461407 501.52720332343597 87.297127066587564 2164.9668990234495 200.8902219159645 124.91338252829155 132.68177667655982 360.95334774837829 1211.0256049732561 34.367117657558993 581.30299990624189 408.06806965405121 550.54268361243885 18.627193297026679 48.063451821450144 43.313912509009242 31.299610820016824 4.501900627743451 35.132784203044139 51.585445075645112 167.91287712956546 11.807086864253504 7.6990965112345275 2.8900161182973525 2.5201001957757398 7.5210862555541089 683.01065636792919 1973.267167533224 80.44787421147339 4.4505548402667046
leaf_count=5286 6108 26283 1921 289734 2510 3362 3714 8357 46214 463 102626 11414 18758 510 691 569 1506 182 2585 1507 4523 405 81 38 116 105 10777 357814 1197 38
internal_value=6.41913e-06 -0.00132053 0.000407516 -0.00108566 0.00540347 0.00451166 0.00404247 0.00597573 0.00242451 0.00167973 -0.00400983 0.00172461 0.00129541 0.0139428 0.0075872 0.00114476 -0.000670253 0.000402508 -0.00868441 0.000315588 0.00403138 -0.00163682 0.00662964 -0.0104642 -0.0219204 0.00687688 0.00663258 -0.00476291 0.0110418 0.0273167
internal_weight=9974.84 8007.57 4876.09 2802.4 1967.27 1766.38 637.437 504.756 2073.68 1814.56 3131.48 764.287 1761.57 52.9943 259.122 91.3774 576.912 510.48 66.4324 639.373 219.498 419.875 1002.09 13.1092 10.2192 988.983 981.462 2554.57 167.745 8.95246
internal_count=909394 869270 378236 307913 40124 37614 18179 14465 70323 65945 491034 21211 64972 973 4378 1260 30594 26503 4091 17849 6030 11819 16403 235 197 16168 16063 460440 3118 220
is_linear=0
shrinkage=0.05


Tree=9
num_leaves=31
num_cat=0
split_feature=2 0 3 0 3 3 4 4 0 1 2 4 2 0 1 4 2 0 4 1 2 4 3 3 4 0 4 0 0 4
split_gain=24.3424 13.6091 12.272 4.73348 6.33386 5.33962 3.32958 3.42787 3.55277 3.27742 3.3458 2.64365 2.59482 2.91988 2.507 2.41966 2.41903 2.33092 2.2171 2.15695 2.11316 2.02692 2.71623 2.50607 2.26129 1.97466 1.894 1.83966 1.80714 3.47677
threshold=-0.06344918687300731 -0.00069692047689451353 0.019023192831783369 -0.020941991222214681 0.030312403425602097 0.014624608617616523 0.061397857773036336 0.025400388807905634 -0.0067605908971737341 -0.0012882939503190414 -0.089672805853543688 0.024510077169921856 -0.11306793263617136 -0.0094339413046311531 0.050704100488191524 0.070070060489130462 0.084015025300027593 -0.011085765060758422 0.019821037384288743 -0.07198635289785342 -0.024606519984665506 0.045616287836173421 0.028231880550188531 0.016720854580013888 0.051443833420669709 -0.0052751587216657283 0.026728562685736968 -0.0051129323684026553 -0.0018309684459869022 0.055722299304964189
decision_type=2 2 2 2 2 2 2 2 2 2 2 2 2 2 2 2 2 2 2 2 2 2 2 2 2 2 2 2 2 2
left_child=3 2 -2 4 -1 11 7 18 -9 -6 15 17 28 19 -12 -11 21 -5 -4 -14 -8 -3 23 -23 -24 -19 -13 -22 29 -7
right_child=1 16 6 5 9 12 20 8 -10 10 14 26 13 -15 -16 -17 -18 25 -20 -21 27 22 24 -25 -26 -27 -28 -29 -30 -31
leaf_value=0.0026252820937053408 -0.0026947004214648205 -0.0039309008813780419 0.00058685308542739815 0.0016113160108519793 0.008636156036126023 0.00084620871717029514 -0.011290977102955744 0.0013815553811837508 -0.0075355637209470255 0.032908805840134191 -0.018069071999915236 -0.0309725997029828 -0.0062089514985104403 -0.0039931683002665331 0.02430512109699913 -0.0088649903530630524 -0.0086055783153193271 0.014076920753365672 0.0048201904388950109 0.006442872044057849 0.016713828299130169 -0.0055923703312722485 0.013849628491470792 0.03130982335515798 -0.0094021064890376926 0.0062697353752144596 0.001670340411025682 -0.0079675011644505973 0.0055134040027095847 -0.030451553291813191
leaf_weight=627.94599022949114 1852.8125062732142 2486.7768481841194 428.31620563677279 143.03582990029827 589.82835794164566 235.69522270833841 7.3525850700680158 455.90085461025592 145.76933274557814 33.30189661658369 7.0795699541922641 5.908289670944213 42.435779071587604 456.63603843399324 3.6810069171478972 3.0167001385707399 279.46582912444137 130.32674801768735 1116.6345848587807 139.84538438497111 75.440219776239246 5.9362110967049402 13.55000680068042 12.599017878528683 30.04023456806317 226.11331665434409 9.7055315128527564 7.19305241620168 289.17609075049404 7.2177157128462559
leaf_count=16275 260916 418625 24174 2939 8903 5280 350 27410 7367 532 253 114 1967 25914 97 168 50870 2176 29511 6037 2548 232 1146 501 2469 4361 195 203 8289 394
internal_value=9.04037e-05 -0.00153148 0.000313086 0.00389098 0.00620135 0.00215253 0.00280493 0.00240324 -0.000796643 0.00970784 0.0222353 0.00638433 0.000283373 -0.00186205 -0.0020361 0.0291574 -0.0041968 0.00703257 0.00364883 0.00346206 0.0121266 -0.00370704 0.00509667 0.0200977 -0.00188382 0.00918693 -0.0127961 0.0144279 0.00285686 -0.000324826
internal_weight=9868.74 6917.79 4089.42 2950.95 1264.85 1686.1 2236.61 2146.62 601.67 636.908 47.0792 515.09 1171.01 638.917 10.7606 36.3186 2828.37 499.476 1544.95 182.281 89.9859 2548.9 62.1255 18.5352 43.5902 356.44 15.6138 82.6333 532.089 242.913
internal_count=910216 826322 352479 83894 26228 57666 91563 88462 34777 9953 1050 9785 47881 33918 350 700 473843 9476 53685 8004 3101 422973 4348 733 3615 6537 309 2751 13963 5674
is_linear=0
shrinkage=0.05


end of trees

feature_importances:
vol_20=61
ret_1=59
vol_10=57
ret_10=47
ret_5=39
ma_gap=37

parameters:
[boosting: gbdt]
[objective: lambdarank]
[metric: ndcg]
[tree_learner: serial]
[device_type: cpu]
[data_sample_strategy: bagging]
[data: ]
[valid: ]
[num_iterations: 300]
[learning_rate: 0.05]
[num_leaves: 31]
[num_threads: 6]
[seed: 0]
[deterministic: 0]
[force_col_wise: 0]
[force_row_wise: 0]
[histogram_pool_size: -1]
[max_depth: 6]
[min_data_in_leaf: 25]
[min_sum_hessian_in_leaf: 0.001]
[bagging_fraction: 0.85]
[pos_bagging_fraction: 1]
[neg_bagging_fraction: 1]
[bagging_freq: 1]
[bagging_seed: 3]
[bagging_by_query: 0]
[feature_fraction: 0.85]
[feature_fraction_bynode: 1]
[feature_fraction_seed: 2]
[extra_trees: 0]
[extra_seed: 6]
[early_stopping_round: 0]
[early_stopping_min_delta: 0]
[first_metric_only: 0]
[max_delta_step: 0]
[lambda_l1: 0]
[lambda_l2: 2]
[linear_lambda: 0]
[min_gain_to_split: 0]
[drop_rate: 0.1]
[max_drop: 50]
[skip_drop: 0.5]
[xgboost_dart_mode: 0]
[uniform_drop: 0]
[drop_seed: 4]
[top_rate: 0.2]
[other_rate: 0.1]
[min_data_per_group: 100]
[max_cat_threshold: 32]
[cat_l2: 10]
[cat_smooth: 10]
[max_cat_to_onehot: 4]
[top_k: 20]
[monotone_constraints: ]
[monotone_constraints_method: basic]
[monotone_penalty: 0]
[feature_contri: ]
[forcedsplits_filename: ]
[refit_decay_rate: 0.9]
[cegb_tradeoff: 1]
[cegb_penalty_split: 0]
[cegb_penalty_feature_lazy: ]
[cegb_penalty_feature_coupled: ]
[path_smooth: 0]
[interaction_constraints: ]
[verbosity: -1]
[saved_feature_importance_type: 0]
[use_quantized_grad: 0]
[num_grad_quant_bins: 4]
[quant_train_renew_leaf: 0]
[stochastic_rounding: 1]
[linear_tree: 0]
[max_bin: 255]
[max_bin_by_feature: ]
[min_data_in_bin: 3]
[bin_construct_sample_cnt: 200000]
[data_random_seed: 1]
[is_enable_sparse: 1]
[enable_bundle: 1]
[use_missing: 1]
[zero_as_missing: 0]
[feature_pre_filter: 1]
[pre_partition: 0]
[two_round: 0]
[header: 0]
[label_column: ]
[weight_column: ]
[group_column: ]
[ignore_column: ]
[categorical_feature: ]
[forcedbins_filename: ]
[precise_float_parser: 0]
[parser_config_file: ]
[objective_seed: 5]
[num_class: 1]
[is_unbalance: 0]
[scale_pos_weight: 1]
[sigmoid: 1]
[boost_from_average: 1]
[reg_sqrt: 0]
[alpha: 0.9]
[fair_c: 1]
[poisson_max_delta_step: 0.7]
[tweedie_variance_power: 1.5]
[lambdarank_truncation_level: 30]
[lambdarank_norm: 1]
[label_gain: 0,1,2,3,4]
[lambdarank_position_bias_regularization: 0]
[eval_at: 5,10,20]
[multi_error_top_k: 1]
[auc_mu_weights: ]
[num_machines: 1]
[local_listen_port: 12400]
[time_out: 120]
[machine_list_filename: ]
[machines: ]
[gpu_platform_id: -1]
[gpu_device_id: -1]
[gpu_device_id_list: ]
[gpu_use_dp: 0]
[num_gpu: 1]

end of parameters

pandas_categorical:[]
